

       ____________DOOR __________________
      /                  11|32            |
     /         12        10|31    33      |
    /        14           9|30            |
   /     15               8|29            |
  /                21     7|28    34    35|
 /                        6|27    36    37|
|   16                    5|26            |
| 17                 20   4|25    38    39|
|           18            3|24            |
|                 19      2|23            |
|                         1|22      ______|
|                                   |Bathroom
|________BAR___________Door_________|


    